{
 "cells": [
  {
   "cell_type": "code",
   "execution_count": 2,
   "metadata": {},
   "outputs": [],
   "source": [
    "# Useful starting lines\n",
    "%matplotlib inline\n",
    "import numpy as np\n",
    "import matplotlib.pyplot as plt\n",
    "%load_ext autoreload\n",
    "%autoreload 2"
   ]
  },
  {
   "cell_type": "markdown",
   "metadata": {},
   "source": [
    "## Load the training data into feature matrix, class labels, and event ids:"
   ]
  },
  {
   "cell_type": "code",
   "execution_count": 99,
   "metadata": {},
   "outputs": [],
   "source": [
    "from proj1_helpers import *\n",
    "DATA_TRAIN_PATH = '../data/train.csv' # TODO: download train data and supply path here \n",
    "y, tX, ids = load_csv_data(DATA_TRAIN_PATH)"
   ]
  },
  {
   "cell_type": "markdown",
   "metadata": {},
   "source": [
    "## Do your thing crazy machine learning thing here :) ..."
   ]
  },
  {
   "cell_type": "markdown",
   "metadata": {},
   "source": [
    "### Explore the data"
   ]
  },
  {
   "cell_type": "code",
   "execution_count": 9,
   "metadata": {},
   "outputs": [],
   "source": [
    "# Show some samples\n",
    "n = 5"
   ]
  },
  {
   "cell_type": "code",
   "execution_count": 10,
   "metadata": {},
   "outputs": [
    {
     "name": "stdout",
     "output_type": "stream",
     "text": [
      "(250000,)\n"
     ]
    }
   ],
   "source": [
    "print(y.shape)"
   ]
  },
  {
   "cell_type": "code",
   "execution_count": 11,
   "metadata": {},
   "outputs": [
    {
     "name": "stdout",
     "output_type": "stream",
     "text": [
      "[ 1. -1. -1. -1. -1.]\n"
     ]
    }
   ],
   "source": [
    "print(y[:n])"
   ]
  },
  {
   "cell_type": "code",
   "execution_count": 5,
   "metadata": {},
   "outputs": [
    {
     "name": "stdout",
     "output_type": "stream",
     "text": [
      "(250000, 30)\n"
     ]
    }
   ],
   "source": [
    "print(tX.shape)"
   ]
  },
  {
   "cell_type": "code",
   "execution_count": 12,
   "metadata": {},
   "outputs": [
    {
     "name": "stdout",
     "output_type": "stream",
     "text": [
      "[[ 1.38470e+02  5.16550e+01  9.78270e+01  2.79800e+01  9.10000e-01\n",
      "   1.24711e+02  2.66600e+00  3.06400e+00  4.19280e+01  1.97760e+02\n",
      "   1.58200e+00  1.39600e+00  2.00000e-01  3.26380e+01  1.01700e+00\n",
      "   3.81000e-01  5.16260e+01  2.27300e+00 -2.41400e+00  1.68240e+01\n",
      "  -2.77000e-01  2.58733e+02  2.00000e+00  6.74350e+01  2.15000e+00\n",
      "   4.44000e-01  4.60620e+01  1.24000e+00 -2.47500e+00  1.13497e+02]\n",
      " [ 1.60937e+02  6.87680e+01  1.03235e+02  4.81460e+01 -9.99000e+02\n",
      "  -9.99000e+02 -9.99000e+02  3.47300e+00  2.07800e+00  1.25157e+02\n",
      "   8.79000e-01  1.41400e+00 -9.99000e+02  4.20140e+01  2.03900e+00\n",
      "  -3.01100e+00  3.69180e+01  5.01000e-01  1.03000e-01  4.47040e+01\n",
      "  -1.91600e+00  1.64546e+02  1.00000e+00  4.62260e+01  7.25000e-01\n",
      "   1.15800e+00 -9.99000e+02 -9.99000e+02 -9.99000e+02  4.62260e+01]\n",
      " [-9.99000e+02  1.62172e+02  1.25953e+02  3.56350e+01 -9.99000e+02\n",
      "  -9.99000e+02 -9.99000e+02  3.14800e+00  9.33600e+00  1.97814e+02\n",
      "   3.77600e+00  1.41400e+00 -9.99000e+02  3.21540e+01 -7.05000e-01\n",
      "  -2.09300e+00  1.21409e+02 -9.53000e-01  1.05200e+00  5.42830e+01\n",
      "  -2.18600e+00  2.60414e+02  1.00000e+00  4.42510e+01  2.05300e+00\n",
      "  -2.02800e+00 -9.99000e+02 -9.99000e+02 -9.99000e+02  4.42510e+01]\n",
      " [ 1.43905e+02  8.14170e+01  8.09430e+01  4.14000e-01 -9.99000e+02\n",
      "  -9.99000e+02 -9.99000e+02  3.31000e+00  4.14000e-01  7.59680e+01\n",
      "   2.35400e+00 -1.28500e+00 -9.99000e+02  2.26470e+01 -1.65500e+00\n",
      "   1.00000e-02  5.33210e+01 -5.22000e-01 -3.10000e+00  3.10820e+01\n",
      "   6.00000e-02  8.60620e+01  0.00000e+00 -9.99000e+02 -9.99000e+02\n",
      "  -9.99000e+02 -9.99000e+02 -9.99000e+02 -9.99000e+02  0.00000e+00]\n",
      " [ 1.75864e+02  1.69150e+01  1.34805e+02  1.64050e+01 -9.99000e+02\n",
      "  -9.99000e+02 -9.99000e+02  3.89100e+00  1.64050e+01  5.79830e+01\n",
      "   1.05600e+00 -1.38500e+00 -9.99000e+02  2.82090e+01 -2.19700e+00\n",
      "  -2.23100e+00  2.97740e+01  7.98000e-01  1.56900e+00  2.72300e+00\n",
      "  -8.71000e-01  5.31310e+01  0.00000e+00 -9.99000e+02 -9.99000e+02\n",
      "  -9.99000e+02 -9.99000e+02 -9.99000e+02 -9.99000e+02  0.00000e+00]]\n"
     ]
    }
   ],
   "source": [
    "print(tX[:n])"
   ]
  },
  {
   "cell_type": "code",
   "execution_count": 58,
   "metadata": {},
   "outputs": [
    {
     "name": "stdout",
     "output_type": "stream",
     "text": [
      "tX nan counts: [0 0 0 0 0 0 0 0 0 0 0 0 0 0 0 0 0 0 0 0 0 0 0 0 0 0 0 0 0 0]\n"
     ]
    }
   ],
   "source": [
    "# Count nan values\n",
    "# No Nan values !!! However there can be undefined values (see dataset documentation)\n",
    "tX_nan_count = np.sum(np.where(tX == np.nan, 1, 0), axis = 0)\n",
    "print(\"tX nan counts: \"+str(tX_nan_count))"
   ]
  },
  {
   "cell_type": "code",
   "execution_count": 40,
   "metadata": {},
   "outputs": [],
   "source": [
    "def getNanStatistics(tX,axis = 0):\n",
    "    print(\"Means: \" + str(np.nanmean(tX,axis = axis)))\n",
    "    print(\"Standard devs: \" + str(np.nanstd(tX,axis = axis)))\n",
    "    print(\"Max values: \" + str(np.nanmax(tX,axis = axis)))\n",
    "    print(\"Min values: \" + str(np.nanmin(tX,axis = axis)))"
   ]
  },
  {
   "cell_type": "code",
   "execution_count": null,
   "metadata": {},
   "outputs": [],
   "source": [
    "def plot_feature_box_plots:\n",
    "    # TODO"
   ]
  },
  {
   "cell_type": "code",
   "execution_count": 8,
   "metadata": {},
   "outputs": [
    {
     "data": {
      "text/plain": [
       "array([[ 1.00000000e+00, -4.55754982e-01,  1.68547985e-01,\n",
       "         1.98764690e-01,  1.62660860e-01,  1.60523916e-01,\n",
       "         1.62521066e-01,  2.28104685e-01,  4.58258755e-02,\n",
       "         2.01464410e-01, -1.70725931e-02,  3.58962714e-01,\n",
       "         1.62623001e-01,  1.31495478e-01,  2.57909175e-03,\n",
       "        -6.17683359e-03,  9.94446173e-02,  1.00600077e-02,\n",
       "        -7.44499050e-04, -2.33723570e-01,  7.41075286e-03,\n",
       "         2.21984489e-01,  2.21077743e-01,  2.50158444e-01,\n",
       "         2.47083378e-01,  2.47078209e-01,  1.62835955e-01,\n",
       "         1.62613682e-01,  1.62609042e-01,  1.85371791e-01],\n",
       "       [-4.55754982e-01,  1.00000000e+00,  1.90109488e-01,\n",
       "        -2.49115929e-01, -1.76386051e-01, -1.90392025e-01,\n",
       "        -1.75941781e-01,  4.32514093e-02,  1.77575270e-02,\n",
       "        -1.46836679e-01,  3.49503614e-01, -4.19757335e-01,\n",
       "        -1.76262284e-01, -1.45464145e-01, -2.10917148e-03,\n",
       "         1.13208392e-03,  3.10647518e-01, -6.77706784e-03,\n",
       "         3.40330242e-04,  1.83716377e-01, -1.59253407e-02,\n",
       "        -1.67810640e-01, -2.10537065e-01, -2.29674008e-01,\n",
       "        -2.20369870e-01, -2.20354527e-01, -1.76837101e-01,\n",
       "        -1.76230870e-01, -1.76225179e-01, -2.10008918e-01],\n",
       "       [ 1.68547985e-01,  1.90109488e-01,  1.00000000e+00,\n",
       "        -6.25620208e-02, -3.22510184e-02, -4.06198304e-02,\n",
       "        -3.21259234e-02,  5.79711617e-01, -7.02133930e-04,\n",
       "         8.86852442e-02,  9.74898450e-02, -9.08458625e-02,\n",
       "        -3.22198332e-02,  2.90011159e-01,  2.12659787e-03,\n",
       "        -3.62409575e-03,  4.05482441e-01,  2.19565980e-03,\n",
       "        -2.01753299e-03, -8.73303668e-02, -1.46677423e-03,\n",
       "         5.33004391e-02, -2.68600335e-02, -1.91508056e-02,\n",
       "        -1.37493798e-02, -1.37422908e-02, -3.31883843e-02,\n",
       "        -3.22024799e-02, -3.22063122e-02, -5.29024313e-02],\n",
       "       [ 1.98764690e-01, -2.49115929e-01, -6.25620208e-02,\n",
       "         1.00000000e+00,  5.23663964e-01,  5.34530776e-01,\n",
       "         5.23638525e-01, -5.39379215e-01,  3.10500986e-01,\n",
       "         8.32733067e-01,  8.91873653e-02,  5.39356019e-01,\n",
       "         5.23719517e-01,  4.07421442e-01,  1.66538737e-03,\n",
       "         5.24780759e-03,  3.60938860e-01,  8.35423036e-03,\n",
       "        -2.92303668e-03,  6.79585496e-01,  8.58492456e-03,\n",
       "         7.82546973e-01,  6.23401443e-01,  6.21599153e-01,\n",
       "         5.64898090e-01,  5.64893830e-01,  5.31647023e-01,\n",
       "         5.23713649e-01,  5.23702853e-01,  8.08616264e-01],\n",
       "       [ 1.62660860e-01, -1.76386051e-01, -3.22510184e-02,\n",
       "         5.23663964e-01,  1.00000000e+00,  9.46044545e-01,\n",
       "         9.99981428e-01, -2.99075560e-01,  2.70878283e-01,\n",
       "         6.71996111e-01,  4.13071695e-02,  3.68491754e-01,\n",
       "         9.99998386e-01,  1.88086276e-01,  4.86572349e-03,\n",
       "         3.30194868e-03,  1.68038504e-01,  8.67757839e-03,\n",
       "         6.93431214e-05,  3.05561021e-01,  5.24491021e-03,\n",
       "         6.19099852e-01,  8.67521452e-01,  5.45027188e-01,\n",
       "         5.21657080e-01,  5.21664187e-01,  9.99346370e-01,\n",
       "         9.99994930e-01,  9.99995543e-01,  7.12446341e-01],\n",
       "       [ 1.60523916e-01, -1.90392025e-01, -4.06198304e-02,\n",
       "         5.34530776e-01,  9.46044545e-01,  1.00000000e+00,\n",
       "         9.44442751e-01, -3.03750865e-01,  2.47770895e-01,\n",
       "         6.80700296e-01,  2.76744813e-02,  3.69802877e-01,\n",
       "         9.45584128e-01,  2.04106292e-01,  3.58417289e-03,\n",
       "         3.32135484e-03,  1.64025631e-01,  7.60170288e-03,\n",
       "        -5.96349011e-04,  3.18496980e-01,  5.16707002e-03,\n",
       "         6.17056751e-01,  8.14190698e-01,  5.21645058e-01,\n",
       "         4.93232893e-01,  4.93240703e-01,  9.47651806e-01,\n",
       "         9.45505426e-01,  9.45506847e-01,  7.19961764e-01],\n",
       "       [ 1.62521066e-01, -1.75941781e-01, -3.21259234e-02,\n",
       "         5.23638525e-01,  9.99981428e-01,  9.44442751e-01,\n",
       "         1.00000000e+00, -2.99082916e-01,  2.71435125e-01,\n",
       "         6.72157996e-01,  4.16138042e-02,  3.68176820e-01,\n",
       "         9.99989675e-01,  1.87935865e-01,  4.87979318e-03,\n",
       "         3.30876569e-03,  1.68270342e-01,  8.69225164e-03,\n",
       "         6.96418798e-05,  3.05677598e-01,  5.25448048e-03,\n",
       "         6.19388140e-01,  8.67741115e-01,  5.45021783e-01,\n",
       "         5.21653433e-01,  5.21660539e-01,  9.99346574e-01,\n",
       "         9.99987978e-01,  9.99988607e-01,  7.12619645e-01],\n",
       "       [ 2.28104685e-01,  4.32514093e-02,  5.79711617e-01,\n",
       "        -5.39379215e-01, -2.99075560e-01, -3.03750865e-01,\n",
       "        -2.99082916e-01,  1.00000000e+00, -1.48080792e-01,\n",
       "        -4.32603440e-01,  4.70461910e-02, -2.05441498e-01,\n",
       "        -2.99114676e-01, -2.02034990e-01,  3.63222718e-03,\n",
       "        -1.12290140e-02, -6.99566710e-02,  6.98828711e-04,\n",
       "        -7.75533717e-04, -4.02344914e-01, -1.56977134e-03,\n",
       "        -4.07001779e-01, -3.47904428e-01, -3.35851026e-01,\n",
       "        -3.04160863e-01, -3.04145415e-01, -3.03415997e-01,\n",
       "        -2.99106895e-01, -2.99101137e-01, -4.48736959e-01],\n",
       "       [ 4.58258755e-02,  1.77575270e-02, -7.02133930e-04,\n",
       "         3.10500986e-01,  2.70878283e-01,  2.47770895e-01,\n",
       "         2.71435125e-01, -1.48080792e-01,  1.00000000e+00,\n",
       "         3.81159784e-01,  3.91929033e-02,  1.78447907e-01,\n",
       "         2.71057555e-01,  9.57537343e-02,  3.59589562e-03,\n",
       "         1.45218847e-03,  1.09616567e-01,  7.98658714e-03,\n",
       "        -4.24944774e-03,  2.69738662e-01,  2.51483681e-03,\n",
       "         4.48925314e-01,  3.60408539e-01,  2.02920305e-01,\n",
       "         1.86564365e-01,  1.86589808e-01,  2.79202548e-01,\n",
       "         2.71099524e-01,  2.71090938e-01,  4.03382429e-01],\n",
       "       [ 2.01464410e-01, -1.46836679e-01,  8.86852442e-02,\n",
       "         8.32733067e-01,  6.71996111e-01,  6.80700296e-01,\n",
       "         6.72157996e-01, -4.32603440e-01,  3.81159784e-01,\n",
       "         1.00000000e+00,  1.08791092e-01,  4.20679094e-01,\n",
       "         6.72116431e-01,  4.85847266e-01,  2.03714117e-03,\n",
       "         3.93111283e-03,  4.60938009e-01,  8.78088490e-03,\n",
       "        -1.89187658e-03,  5.20129360e-01,  6.71204642e-03,\n",
       "         9.04481460e-01,  7.58503365e-01,  6.38795579e-01,\n",
       "         5.78615522e-01,  5.78620503e-01,  6.87465097e-01,\n",
       "         6.72124562e-01,  6.72114165e-01,  9.65628389e-01],\n",
       "       [-1.70725931e-02,  3.49503614e-01,  9.74898450e-02,\n",
       "         8.91873653e-02,  4.13071695e-02,  2.76744813e-02,\n",
       "         4.16138042e-02,  4.70461910e-02,  3.91929033e-02,\n",
       "         1.08791092e-01,  1.00000000e+00, -3.88026683e-02,\n",
       "         4.14107478e-02, -4.74632543e-01,  6.10941846e-04,\n",
       "         3.62980332e-06,  7.01142221e-01,  2.35700884e-03,\n",
       "        -5.05298243e-03,  5.33855895e-02, -1.18609466e-03,\n",
       "         4.99035735e-02,  5.63119708e-02,  4.90898283e-02,\n",
       "         4.33231291e-02,  4.33135446e-02,  4.25507952e-02,\n",
       "         4.14345828e-02,  4.14359943e-02,  7.91164238e-02],\n",
       "       [ 3.58962714e-01, -4.19757335e-01, -9.08458625e-02,\n",
       "         5.39356019e-01,  3.68491754e-01,  3.69802877e-01,\n",
       "         3.68176820e-01, -2.05441498e-01,  1.78447907e-01,\n",
       "         4.20679094e-01, -3.88026683e-02,  1.00000000e+00,\n",
       "         3.68416799e-01,  1.40884832e-01,  5.95349136e-03,\n",
       "        -1.55746492e-03,  5.40470955e-02,  1.24227180e-02,\n",
       "         2.78032382e-04,  1.80755937e-01,  9.89574009e-03,\n",
       "         4.23362756e-01,  4.90057064e-01,  5.48612552e-01,\n",
       "         5.34409047e-01,  5.34398769e-01,  3.69592718e-01,\n",
       "         3.68389703e-01,  3.68381007e-01,  4.52224428e-01],\n",
       "       [ 1.62623001e-01, -1.76262284e-01, -3.22198332e-02,\n",
       "         5.23719517e-01,  9.99998386e-01,  9.45584128e-01,\n",
       "         9.99989675e-01, -2.99114676e-01,  2.71057555e-01,\n",
       "         6.72116431e-01,  4.14107478e-02,  3.68416799e-01,\n",
       "         1.00000000e+00,  1.88072953e-01,  4.87005582e-03,\n",
       "         3.30461515e-03,  1.68143994e-01,  8.68338922e-03,\n",
       "         6.91882009e-05,  3.05645005e-01,  5.24871372e-03,\n",
       "         6.19254232e-01,  8.67599486e-01,  5.45034532e-01,\n",
       "         5.21658142e-01,  5.21665244e-01,  9.99354631e-01,\n",
       "         9.99996976e-01,  9.99997557e-01,  7.12567675e-01],\n",
       "       [ 1.31495478e-01, -1.45464145e-01,  2.90011159e-01,\n",
       "         4.07421442e-01,  1.88086276e-01,  2.04106292e-01,\n",
       "         1.87935865e-01, -2.02034990e-01,  9.57537343e-02,\n",
       "         4.85847266e-01, -4.74632543e-01,  1.40884832e-01,\n",
       "         1.88072953e-01,  1.00000000e+00, -2.66115677e-03,\n",
       "         8.22311688e-04,  1.04553355e-01,  5.34862102e-05,\n",
       "         3.05201859e-03,  1.76664619e-01,  3.29631535e-03,\n",
       "         4.48763409e-01,  2.05604443e-01,  1.99011083e-01,\n",
       "         1.70910046e-01,  1.70919184e-01,  1.91675513e-01,\n",
       "         1.88058849e-01,  1.88049394e-01,  3.21341065e-01],\n",
       "       [ 2.57909175e-03, -2.10917148e-03,  2.12659787e-03,\n",
       "         1.66538737e-03,  4.86572349e-03,  3.58417289e-03,\n",
       "         4.87979318e-03,  3.63222718e-03,  3.59589562e-03,\n",
       "         2.03714117e-03,  6.10941846e-04,  5.95349136e-03,\n",
       "         4.87005582e-03, -2.66115677e-03,  1.00000000e+00,\n",
       "        -1.32235394e-03, -3.33015389e-03,  5.57086147e-01,\n",
       "         1.70506739e-03,  5.75641628e-04,  5.81602311e-04,\n",
       "         2.84136897e-03,  7.46750043e-03,  9.04346704e-03,\n",
       "         9.79189146e-03,  9.32846115e-03,  4.79679343e-03,\n",
       "         5.06484477e-03,  4.87248609e-03,  3.76298508e-03],\n",
       "       [-6.17683359e-03,  1.13208392e-03, -3.62409575e-03,\n",
       "         5.24780759e-03,  3.30194868e-03,  3.32135484e-03,\n",
       "         3.30876569e-03, -1.12290140e-02,  1.45218847e-03,\n",
       "         3.93111283e-03,  3.62980332e-06, -1.55746492e-03,\n",
       "         3.30461515e-03,  8.22311688e-04, -1.32235394e-03,\n",
       "         1.00000000e+00, -1.73666668e-03, -3.92276097e-03,\n",
       "        -2.07026194e-01,  6.13144528e-03,  3.29229820e-02,\n",
       "         5.21409703e-03,  3.04039484e-03,  3.69629360e-03,\n",
       "         3.36672172e-03,  2.94942153e-03,  3.38208697e-03,\n",
       "         3.30849151e-03,  3.18574063e-03,  4.84354984e-03],\n",
       "       [ 9.94446173e-02,  3.10647518e-01,  4.05482441e-01,\n",
       "         3.60938860e-01,  1.68038504e-01,  1.64025631e-01,\n",
       "         1.68270342e-01, -6.99566710e-02,  1.09616567e-01,\n",
       "         4.60938009e-01,  7.01142221e-01,  5.40470955e-02,\n",
       "         1.68143994e-01,  1.04553355e-01, -3.33015389e-03,\n",
       "        -1.73666668e-03,  1.00000000e+00,  3.36789923e-04,\n",
       "        -2.93570124e-03,  1.70544668e-01,  4.16731795e-04,\n",
       "         3.58487694e-01,  1.95738264e-01,  1.83275641e-01,\n",
       "         1.58860386e-01,  1.58856629e-01,  1.71792178e-01,\n",
       "         1.68157324e-01,  1.68156190e-01,  2.95107585e-01],\n",
       "       [ 1.00600077e-02, -6.77706784e-03,  2.19565980e-03,\n",
       "         8.35423036e-03,  8.67757839e-03,  7.60170288e-03,\n",
       "         8.69225164e-03,  6.98828711e-04,  7.98658714e-03,\n",
       "         8.78088490e-03,  2.35700884e-03,  1.24227180e-02,\n",
       "         8.68338922e-03,  5.34862102e-05,  5.57086147e-01,\n",
       "        -3.92276097e-03,  3.36789923e-04,  1.00000000e+00,\n",
       "         8.89610029e-04,  8.52693610e-04,  1.76466028e-03,\n",
       "         1.02312351e-02,  1.60537247e-02,  2.06874292e-02,\n",
       "         2.16606752e-02,  2.11586377e-02,  8.64900141e-03,\n",
       "         8.88678428e-03,  8.68884110e-03,  1.02776709e-02],\n",
       "       [-7.44499050e-04,  3.40330242e-04, -2.01753299e-03,\n",
       "        -2.92303668e-03,  6.93431214e-05, -5.96349011e-04,\n",
       "         6.96418798e-05, -7.75533717e-04, -4.24944774e-03,\n",
       "        -1.89187658e-03, -5.05298243e-03,  2.78032382e-04,\n",
       "         6.91882009e-05,  3.05201859e-03,  1.70506739e-03,\n",
       "        -2.07026194e-01, -2.93570124e-03,  8.89610029e-04,\n",
       "         1.00000000e+00, -2.16782404e-03,  2.31565308e-02,\n",
       "        -5.70590696e-03, -3.97507634e-05,  2.13694900e-04,\n",
       "         5.43513511e-04, -1.04346524e-04, -3.26107873e-06,\n",
       "         6.15349431e-05, -9.38905880e-05, -2.27033888e-03],\n",
       "       [-2.33723570e-01,  1.83716377e-01, -8.73303668e-02,\n",
       "         6.79585496e-01,  3.05561021e-01,  3.18496980e-01,\n",
       "         3.05677598e-01, -4.02344914e-01,  2.69738662e-01,\n",
       "         5.20129360e-01,  5.33855895e-02,  1.80755937e-01,\n",
       "         3.05645005e-01,  1.76664619e-01,  5.75641628e-04,\n",
       "         6.13144528e-03,  1.70544668e-01,  8.52693610e-04,\n",
       "        -2.16782404e-03,  1.00000000e+00,  8.42006588e-04,\n",
       "         4.86252045e-01,  3.34922045e-01,  2.99556925e-01,\n",
       "         2.52508689e-01,  2.52520393e-01,  3.12843780e-01,\n",
       "         3.05654940e-01,  3.05644862e-01,  5.35217231e-01],\n",
       "       [ 7.41075286e-03, -1.59253407e-02, -1.46677423e-03,\n",
       "         8.58492456e-03,  5.24491021e-03,  5.16707002e-03,\n",
       "         5.25448048e-03, -1.56977134e-03,  2.51483681e-03,\n",
       "         6.71204642e-03, -1.18609466e-03,  9.89574009e-03,\n",
       "         5.24871372e-03,  3.29631535e-03,  5.81602311e-04,\n",
       "         3.29229820e-02,  4.16731795e-04,  1.76466028e-03,\n",
       "         2.31565308e-02,  8.42006588e-04,  1.00000000e+00,\n",
       "         4.65426728e-03,  6.57460372e-03,  6.80531057e-03,\n",
       "         6.45479093e-03,  5.80293959e-03,  5.31051507e-03,\n",
       "         5.23787259e-03,  5.09862787e-03,  7.07594222e-03],\n",
       "       [ 2.21984489e-01, -1.67810640e-01,  5.33004391e-02,\n",
       "         7.82546973e-01,  6.19099852e-01,  6.17056751e-01,\n",
       "         6.19388140e-01, -4.07001779e-01,  4.48925314e-01,\n",
       "         9.04481460e-01,  4.99035735e-02,  4.23362756e-01,\n",
       "         6.19254232e-01,  4.48763409e-01,  2.84136897e-03,\n",
       "         5.21409703e-03,  3.58487694e-01,  1.02312351e-02,\n",
       "        -5.70590696e-03,  4.86252045e-01,  4.65426728e-03,\n",
       "         1.00000000e+00,  7.05881674e-01,  5.95120577e-01,\n",
       "         5.41377146e-01,  5.41388895e-01,  6.33111415e-01,\n",
       "         6.19272039e-01,  6.19263541e-01,  8.84412857e-01],\n",
       "       [ 2.21077743e-01, -2.10537065e-01, -2.68600335e-02,\n",
       "         6.23401443e-01,  8.67521452e-01,  8.14190698e-01,\n",
       "         8.67741115e-01, -3.47904428e-01,  3.60408539e-01,\n",
       "         7.58503365e-01,  5.63119708e-02,  4.90057064e-01,\n",
       "         8.67599486e-01,  2.05604443e-01,  7.46750043e-03,\n",
       "         3.04039484e-03,  1.95738264e-01,  1.60537247e-02,\n",
       "        -3.97507634e-05,  3.34922045e-01,  6.57460372e-03,\n",
       "         7.05881674e-01,  1.00000000e+00,  8.32493313e-01,\n",
       "         8.17360118e-01,  8.17367396e-01,  8.69620617e-01,\n",
       "         8.67613584e-01,  8.67609765e-01,  8.04325594e-01],\n",
       "       [ 2.50158444e-01, -2.29674008e-01, -1.91508056e-02,\n",
       "         6.21599153e-01,  5.45027188e-01,  5.21645058e-01,\n",
       "         5.45021783e-01, -3.35851026e-01,  2.02920305e-01,\n",
       "         6.38795579e-01,  4.90898283e-02,  5.48612552e-01,\n",
       "         5.45034532e-01,  1.99011083e-01,  9.04346704e-03,\n",
       "         3.69629360e-03,  1.83275641e-01,  2.06874292e-02,\n",
       "         2.13694900e-04,  2.99556925e-01,  6.80531057e-03,\n",
       "         5.95120577e-01,  8.32493313e-01,  1.00000000e+00,\n",
       "         9.96100012e-01,  9.96099796e-01,  5.46079178e-01,\n",
       "         5.45032744e-01,  5.45032539e-01,  6.67325392e-01],\n",
       "       [ 2.47083378e-01, -2.20369870e-01, -1.37493798e-02,\n",
       "         5.64898090e-01,  5.21657080e-01,  4.93232893e-01,\n",
       "         5.21653433e-01, -3.04160863e-01,  1.86564365e-01,\n",
       "         5.78615522e-01,  4.33231291e-02,  5.34409047e-01,\n",
       "         5.21658142e-01,  1.70910046e-01,  9.79189146e-03,\n",
       "         3.36672172e-03,  1.58860386e-01,  2.16606752e-02,\n",
       "         5.43513511e-04,  2.52508689e-01,  6.45479093e-03,\n",
       "         5.41377146e-01,  8.17360118e-01,  9.96100012e-01,\n",
       "         1.00000000e+00,  9.99991837e-01,  5.21321960e-01,\n",
       "         5.21655606e-01,  5.21656989e-01,  6.08205483e-01],\n",
       "       [ 2.47078209e-01, -2.20354527e-01, -1.37422908e-02,\n",
       "         5.64893830e-01,  5.21664187e-01,  4.93240703e-01,\n",
       "         5.21660539e-01, -3.04145415e-01,  1.86589808e-01,\n",
       "         5.78620503e-01,  4.33135446e-02,  5.34398769e-01,\n",
       "         5.21665244e-01,  1.70919184e-01,  9.32846115e-03,\n",
       "         2.94942153e-03,  1.58856629e-01,  2.11586377e-02,\n",
       "        -1.04346524e-04,  2.52520393e-01,  5.80293959e-03,\n",
       "         5.41388895e-01,  8.17367396e-01,  9.96099796e-01,\n",
       "         9.99991837e-01,  1.00000000e+00,  5.21329175e-01,\n",
       "         5.21663795e-01,  5.21663831e-01,  6.08210119e-01],\n",
       "       [ 1.62835955e-01, -1.76837101e-01, -3.31883843e-02,\n",
       "         5.31647023e-01,  9.99346370e-01,  9.47651806e-01,\n",
       "         9.99346574e-01, -3.03415997e-01,  2.79202548e-01,\n",
       "         6.87465097e-01,  4.25507952e-02,  3.69592718e-01,\n",
       "         9.99354631e-01,  1.91675513e-01,  4.79679343e-03,\n",
       "         3.38208697e-03,  1.71792178e-01,  8.64900141e-03,\n",
       "        -3.26107873e-06,  3.12843780e-01,  5.31051507e-03,\n",
       "         6.33111415e-01,  8.69620617e-01,  5.46079178e-01,\n",
       "         5.21321960e-01,  5.21329175e-01,  1.00000000e+00,\n",
       "         9.99352348e-01,  9.99351851e-01,  7.29041540e-01],\n",
       "       [ 1.62613682e-01, -1.76230870e-01, -3.22024799e-02,\n",
       "         5.23713649e-01,  9.99994930e-01,  9.45505426e-01,\n",
       "         9.99987978e-01, -2.99106895e-01,  2.71099524e-01,\n",
       "         6.72124562e-01,  4.14345828e-02,  3.68389703e-01,\n",
       "         9.99996976e-01,  1.88058849e-01,  5.06484477e-03,\n",
       "         3.30849151e-03,  1.68157324e-01,  8.88678428e-03,\n",
       "         6.15349431e-05,  3.05654940e-01,  5.23787259e-03,\n",
       "         6.19272039e-01,  8.67613584e-01,  5.45032744e-01,\n",
       "         5.21655606e-01,  5.21663795e-01,  9.99352348e-01,\n",
       "         1.00000000e+00,  9.99994774e-01,  7.12577499e-01],\n",
       "       [ 1.62609042e-01, -1.76225179e-01, -3.22063122e-02,\n",
       "         5.23702853e-01,  9.99995543e-01,  9.45506847e-01,\n",
       "         9.99988607e-01, -2.99101137e-01,  2.71090938e-01,\n",
       "         6.72114165e-01,  4.14359943e-02,  3.68381007e-01,\n",
       "         9.99997557e-01,  1.88049394e-01,  4.87248609e-03,\n",
       "         3.18574063e-03,  1.68156190e-01,  8.68884110e-03,\n",
       "        -9.38905880e-05,  3.05644862e-01,  5.09862787e-03,\n",
       "         6.19263541e-01,  8.67609765e-01,  5.45032539e-01,\n",
       "         5.21656989e-01,  5.21663831e-01,  9.99351851e-01,\n",
       "         9.99994774e-01,  1.00000000e+00,  7.12567642e-01],\n",
       "       [ 1.85371791e-01, -2.10008918e-01, -5.29024313e-02,\n",
       "         8.08616264e-01,  7.12446341e-01,  7.19961764e-01,\n",
       "         7.12619645e-01, -4.48736959e-01,  4.03382429e-01,\n",
       "         9.65628389e-01,  7.91164238e-02,  4.52224428e-01,\n",
       "         7.12567675e-01,  3.21341065e-01,  3.76298508e-03,\n",
       "         4.84354984e-03,  2.95107585e-01,  1.02776709e-02,\n",
       "        -2.27033888e-03,  5.35217231e-01,  7.07594222e-03,\n",
       "         8.84412857e-01,  8.04325594e-01,  6.67325392e-01,\n",
       "         6.08205483e-01,  6.08210119e-01,  7.29041540e-01,\n",
       "         7.12577499e-01,  7.12567642e-01,  1.00000000e+00]])"
      ]
     },
     "execution_count": 8,
     "metadata": {},
     "output_type": "execute_result"
    }
   ],
   "source": [
    "np.corrcoef(tX,rowvar=False)"
   ]
  },
  {
   "cell_type": "code",
   "execution_count": 15,
   "metadata": {},
   "outputs": [],
   "source": [
    "import pandas as pd"
   ]
  },
  {
   "cell_type": "code",
   "execution_count": null,
   "metadata": {},
   "outputs": [],
   "source": [
    "def box_plot(tX):\n",
    "# TODO: box plots to see correlations"
   ]
  },
  {
   "cell_type": "code",
   "execution_count": 18,
   "metadata": {},
   "outputs": [
    {
     "data": {
      "text/html": [
       "<div>\n",
       "<style scoped>\n",
       "    .dataframe tbody tr th:only-of-type {\n",
       "        vertical-align: middle;\n",
       "    }\n",
       "\n",
       "    .dataframe tbody tr th {\n",
       "        vertical-align: top;\n",
       "    }\n",
       "\n",
       "    .dataframe thead th {\n",
       "        text-align: right;\n",
       "    }\n",
       "</style>\n",
       "<table border=\"1\" class=\"dataframe\">\n",
       "  <thead>\n",
       "    <tr style=\"text-align: right;\">\n",
       "      <th></th>\n",
       "      <th>Id</th>\n",
       "      <th>Prediction</th>\n",
       "      <th>DER_mass_MMC</th>\n",
       "      <th>DER_mass_transverse_met_lep</th>\n",
       "      <th>DER_mass_vis</th>\n",
       "      <th>DER_pt_h</th>\n",
       "      <th>DER_deltaeta_jet_jet</th>\n",
       "      <th>DER_mass_jet_jet</th>\n",
       "      <th>DER_prodeta_jet_jet</th>\n",
       "      <th>DER_deltar_tau_lep</th>\n",
       "      <th>...</th>\n",
       "      <th>PRI_met_phi</th>\n",
       "      <th>PRI_met_sumet</th>\n",
       "      <th>PRI_jet_num</th>\n",
       "      <th>PRI_jet_leading_pt</th>\n",
       "      <th>PRI_jet_leading_eta</th>\n",
       "      <th>PRI_jet_leading_phi</th>\n",
       "      <th>PRI_jet_subleading_pt</th>\n",
       "      <th>PRI_jet_subleading_eta</th>\n",
       "      <th>PRI_jet_subleading_phi</th>\n",
       "      <th>PRI_jet_all_pt</th>\n",
       "    </tr>\n",
       "  </thead>\n",
       "  <tbody>\n",
       "    <tr>\n",
       "      <td>0</td>\n",
       "      <td>100000</td>\n",
       "      <td>s</td>\n",
       "      <td>138.470</td>\n",
       "      <td>51.655</td>\n",
       "      <td>97.827</td>\n",
       "      <td>27.980</td>\n",
       "      <td>0.91</td>\n",
       "      <td>124.711</td>\n",
       "      <td>2.666</td>\n",
       "      <td>3.064</td>\n",
       "      <td>...</td>\n",
       "      <td>-0.277</td>\n",
       "      <td>258.733</td>\n",
       "      <td>2</td>\n",
       "      <td>67.435</td>\n",
       "      <td>2.150</td>\n",
       "      <td>0.444</td>\n",
       "      <td>46.062</td>\n",
       "      <td>1.24</td>\n",
       "      <td>-2.475</td>\n",
       "      <td>113.497</td>\n",
       "    </tr>\n",
       "    <tr>\n",
       "      <td>1</td>\n",
       "      <td>100001</td>\n",
       "      <td>b</td>\n",
       "      <td>160.937</td>\n",
       "      <td>68.768</td>\n",
       "      <td>103.235</td>\n",
       "      <td>48.146</td>\n",
       "      <td>-999.00</td>\n",
       "      <td>-999.000</td>\n",
       "      <td>-999.000</td>\n",
       "      <td>3.473</td>\n",
       "      <td>...</td>\n",
       "      <td>-1.916</td>\n",
       "      <td>164.546</td>\n",
       "      <td>1</td>\n",
       "      <td>46.226</td>\n",
       "      <td>0.725</td>\n",
       "      <td>1.158</td>\n",
       "      <td>-999.000</td>\n",
       "      <td>-999.00</td>\n",
       "      <td>-999.000</td>\n",
       "      <td>46.226</td>\n",
       "    </tr>\n",
       "    <tr>\n",
       "      <td>2</td>\n",
       "      <td>100002</td>\n",
       "      <td>b</td>\n",
       "      <td>-999.000</td>\n",
       "      <td>162.172</td>\n",
       "      <td>125.953</td>\n",
       "      <td>35.635</td>\n",
       "      <td>-999.00</td>\n",
       "      <td>-999.000</td>\n",
       "      <td>-999.000</td>\n",
       "      <td>3.148</td>\n",
       "      <td>...</td>\n",
       "      <td>-2.186</td>\n",
       "      <td>260.414</td>\n",
       "      <td>1</td>\n",
       "      <td>44.251</td>\n",
       "      <td>2.053</td>\n",
       "      <td>-2.028</td>\n",
       "      <td>-999.000</td>\n",
       "      <td>-999.00</td>\n",
       "      <td>-999.000</td>\n",
       "      <td>44.251</td>\n",
       "    </tr>\n",
       "    <tr>\n",
       "      <td>3</td>\n",
       "      <td>100003</td>\n",
       "      <td>b</td>\n",
       "      <td>143.905</td>\n",
       "      <td>81.417</td>\n",
       "      <td>80.943</td>\n",
       "      <td>0.414</td>\n",
       "      <td>-999.00</td>\n",
       "      <td>-999.000</td>\n",
       "      <td>-999.000</td>\n",
       "      <td>3.310</td>\n",
       "      <td>...</td>\n",
       "      <td>0.060</td>\n",
       "      <td>86.062</td>\n",
       "      <td>0</td>\n",
       "      <td>-999.000</td>\n",
       "      <td>-999.000</td>\n",
       "      <td>-999.000</td>\n",
       "      <td>-999.000</td>\n",
       "      <td>-999.00</td>\n",
       "      <td>-999.000</td>\n",
       "      <td>0.000</td>\n",
       "    </tr>\n",
       "    <tr>\n",
       "      <td>4</td>\n",
       "      <td>100004</td>\n",
       "      <td>b</td>\n",
       "      <td>175.864</td>\n",
       "      <td>16.915</td>\n",
       "      <td>134.805</td>\n",
       "      <td>16.405</td>\n",
       "      <td>-999.00</td>\n",
       "      <td>-999.000</td>\n",
       "      <td>-999.000</td>\n",
       "      <td>3.891</td>\n",
       "      <td>...</td>\n",
       "      <td>-0.871</td>\n",
       "      <td>53.131</td>\n",
       "      <td>0</td>\n",
       "      <td>-999.000</td>\n",
       "      <td>-999.000</td>\n",
       "      <td>-999.000</td>\n",
       "      <td>-999.000</td>\n",
       "      <td>-999.00</td>\n",
       "      <td>-999.000</td>\n",
       "      <td>0.000</td>\n",
       "    </tr>\n",
       "    <tr>\n",
       "      <td>...</td>\n",
       "      <td>...</td>\n",
       "      <td>...</td>\n",
       "      <td>...</td>\n",
       "      <td>...</td>\n",
       "      <td>...</td>\n",
       "      <td>...</td>\n",
       "      <td>...</td>\n",
       "      <td>...</td>\n",
       "      <td>...</td>\n",
       "      <td>...</td>\n",
       "      <td>...</td>\n",
       "      <td>...</td>\n",
       "      <td>...</td>\n",
       "      <td>...</td>\n",
       "      <td>...</td>\n",
       "      <td>...</td>\n",
       "      <td>...</td>\n",
       "      <td>...</td>\n",
       "      <td>...</td>\n",
       "      <td>...</td>\n",
       "      <td>...</td>\n",
       "    </tr>\n",
       "    <tr>\n",
       "      <td>249995</td>\n",
       "      <td>349995</td>\n",
       "      <td>b</td>\n",
       "      <td>-999.000</td>\n",
       "      <td>71.989</td>\n",
       "      <td>36.548</td>\n",
       "      <td>5.042</td>\n",
       "      <td>-999.00</td>\n",
       "      <td>-999.000</td>\n",
       "      <td>-999.000</td>\n",
       "      <td>1.392</td>\n",
       "      <td>...</td>\n",
       "      <td>2.859</td>\n",
       "      <td>144.665</td>\n",
       "      <td>0</td>\n",
       "      <td>-999.000</td>\n",
       "      <td>-999.000</td>\n",
       "      <td>-999.000</td>\n",
       "      <td>-999.000</td>\n",
       "      <td>-999.00</td>\n",
       "      <td>-999.000</td>\n",
       "      <td>0.000</td>\n",
       "    </tr>\n",
       "    <tr>\n",
       "      <td>249996</td>\n",
       "      <td>349996</td>\n",
       "      <td>b</td>\n",
       "      <td>-999.000</td>\n",
       "      <td>58.179</td>\n",
       "      <td>68.083</td>\n",
       "      <td>22.439</td>\n",
       "      <td>-999.00</td>\n",
       "      <td>-999.000</td>\n",
       "      <td>-999.000</td>\n",
       "      <td>2.585</td>\n",
       "      <td>...</td>\n",
       "      <td>-0.867</td>\n",
       "      <td>80.408</td>\n",
       "      <td>0</td>\n",
       "      <td>-999.000</td>\n",
       "      <td>-999.000</td>\n",
       "      <td>-999.000</td>\n",
       "      <td>-999.000</td>\n",
       "      <td>-999.00</td>\n",
       "      <td>-999.000</td>\n",
       "      <td>0.000</td>\n",
       "    </tr>\n",
       "    <tr>\n",
       "      <td>249997</td>\n",
       "      <td>349997</td>\n",
       "      <td>s</td>\n",
       "      <td>105.457</td>\n",
       "      <td>60.526</td>\n",
       "      <td>75.839</td>\n",
       "      <td>39.757</td>\n",
       "      <td>-999.00</td>\n",
       "      <td>-999.000</td>\n",
       "      <td>-999.000</td>\n",
       "      <td>2.390</td>\n",
       "      <td>...</td>\n",
       "      <td>-2.890</td>\n",
       "      <td>198.907</td>\n",
       "      <td>1</td>\n",
       "      <td>41.992</td>\n",
       "      <td>1.800</td>\n",
       "      <td>-0.166</td>\n",
       "      <td>-999.000</td>\n",
       "      <td>-999.00</td>\n",
       "      <td>-999.000</td>\n",
       "      <td>41.992</td>\n",
       "    </tr>\n",
       "    <tr>\n",
       "      <td>249998</td>\n",
       "      <td>349998</td>\n",
       "      <td>b</td>\n",
       "      <td>94.951</td>\n",
       "      <td>19.362</td>\n",
       "      <td>68.812</td>\n",
       "      <td>13.504</td>\n",
       "      <td>-999.00</td>\n",
       "      <td>-999.000</td>\n",
       "      <td>-999.000</td>\n",
       "      <td>3.365</td>\n",
       "      <td>...</td>\n",
       "      <td>0.811</td>\n",
       "      <td>112.718</td>\n",
       "      <td>0</td>\n",
       "      <td>-999.000</td>\n",
       "      <td>-999.000</td>\n",
       "      <td>-999.000</td>\n",
       "      <td>-999.000</td>\n",
       "      <td>-999.00</td>\n",
       "      <td>-999.000</td>\n",
       "      <td>0.000</td>\n",
       "    </tr>\n",
       "    <tr>\n",
       "      <td>249999</td>\n",
       "      <td>349999</td>\n",
       "      <td>b</td>\n",
       "      <td>-999.000</td>\n",
       "      <td>72.756</td>\n",
       "      <td>70.831</td>\n",
       "      <td>7.479</td>\n",
       "      <td>-999.00</td>\n",
       "      <td>-999.000</td>\n",
       "      <td>-999.000</td>\n",
       "      <td>2.025</td>\n",
       "      <td>...</td>\n",
       "      <td>-1.596</td>\n",
       "      <td>99.405</td>\n",
       "      <td>0</td>\n",
       "      <td>-999.000</td>\n",
       "      <td>-999.000</td>\n",
       "      <td>-999.000</td>\n",
       "      <td>-999.000</td>\n",
       "      <td>-999.00</td>\n",
       "      <td>-999.000</td>\n",
       "      <td>0.000</td>\n",
       "    </tr>\n",
       "  </tbody>\n",
       "</table>\n",
       "<p>250000 rows × 32 columns</p>\n",
       "</div>"
      ],
      "text/plain": [
       "            Id Prediction  DER_mass_MMC  DER_mass_transverse_met_lep  \\\n",
       "0       100000          s       138.470                       51.655   \n",
       "1       100001          b       160.937                       68.768   \n",
       "2       100002          b      -999.000                      162.172   \n",
       "3       100003          b       143.905                       81.417   \n",
       "4       100004          b       175.864                       16.915   \n",
       "...        ...        ...           ...                          ...   \n",
       "249995  349995          b      -999.000                       71.989   \n",
       "249996  349996          b      -999.000                       58.179   \n",
       "249997  349997          s       105.457                       60.526   \n",
       "249998  349998          b        94.951                       19.362   \n",
       "249999  349999          b      -999.000                       72.756   \n",
       "\n",
       "        DER_mass_vis  DER_pt_h  DER_deltaeta_jet_jet  DER_mass_jet_jet  \\\n",
       "0             97.827    27.980                  0.91           124.711   \n",
       "1            103.235    48.146               -999.00          -999.000   \n",
       "2            125.953    35.635               -999.00          -999.000   \n",
       "3             80.943     0.414               -999.00          -999.000   \n",
       "4            134.805    16.405               -999.00          -999.000   \n",
       "...              ...       ...                   ...               ...   \n",
       "249995        36.548     5.042               -999.00          -999.000   \n",
       "249996        68.083    22.439               -999.00          -999.000   \n",
       "249997        75.839    39.757               -999.00          -999.000   \n",
       "249998        68.812    13.504               -999.00          -999.000   \n",
